run	lumisection	evt
297603	402	724597337
297487	531	681749143
297219	1164	1959797910
299065	123	188234150
297487	190	253029483
297505	203	307486500
297178	693	866248061
297292	415	749767062
299329	40	69613410
297433	129	201374857
297411	434	698849884
297411	671	1118749756
297665	85	142494976
297100	129	232755404
297219	610	1145549737
297558	246	404361540
297674	48	78382139
297219	638	1191541861
297467	59	62477217
299184	330	544089556
297722	78	61844374
297604	177	292166171
297675	302	518548121
297424	90	117405443
299481	352	417976709
300122	272	367195053
299369	172	238270018
300467	371	369375989
300817	273	381902956
300122	810	1111441685
300122	1262	1695468339
301323	334	330391454
299395	132	194324947
300389	78	103648699
300466	214	289170844
299597	65	71489016
300785	1070	1246695113
300812	15	23107784
300400	152	229551381
300122	819	1123711076
299481	166	198165860
299380	51	22733807
300284	444	603770841
299481	172	204786070
300811	382	639254110
300280	469	604075829
300280	491	637637379
300284	532	713789678
299369	267	359213317
299370	328	415829693
300777	471	727684973
300284	513	690095791
300284	500	673119534
300226	228	284097220
299381	2	1766338
300122	349	476692247
300280	494	642360641
300157	817	822536781
300280	301	366428388
300785	73	98883001
300576	432	650941803
301392	17	17044155
301519	162	121802919
300515	458	749537233
300515	639	1021221835
301384	185	216614950
301384	282	319252733
300515	225	387153209
300785	314	413277801
301142	414	366530016
299597	395	419230903
300237	17	24295904
300817	167	233265668
300742	233	342415398
300497	139	183267226
300576	947	1367839401
300777	96	123690975
300777	193	291278795
300742	91	78350378
300515	200	345415315
300576	297	457067246
300466	298	394434263
302029	15	18474458
301524	63	57626119
300811	98	159731880
301161	250	204407348
300633	332	502511387
300636	1559	1735665030
301959	460	538018751
301997	196	199305956
300466	328	431994454
300576	726	1073876665
300517	577	670777386
300558	46	58637480
301283	662	553544213
300558	507	705998877
301694	80	81919968
301330	330	336603945
301283	14	10887763
301997	239	249203320
300155	912	1235076653
301987	423	317326362
301531	4	2601267
300635	59	83272516
301529	3	1879530
301987	336	256111580
301323	820	781553464
301330	244	248247703
301567	202	195590988
301627	620	533009090
301959	144	161858922
301959	969	1019307034
301475	5	3492078
301476	445	342586899
301665	37	33636881
301475	12	8533477
301627	195	160459925
301417	279	288756998
301472	737	700170996
301449	81	63352234
301448	200	173522792
301914	78	55135455
301476	13	10477192
301959	1269	1259038312
300155	653	878895708
300122	802	1100993062
301476	421	324327715
301532	563	342188656
301665	206	177196880
301941	182	173005003
301472	375	360065493
300466	74	102447079
300155	1096	1471764773
299595	81	96571514
300464	163	238535271
300817	122	168750542
300464	150	219176655
300122	157	192722010
300122	171	213106871
300806	87	83195491
299369	190	262038135
302448	433	514247810
302473	74	74315493
302573	181	191989947
302163	476	433374639
302225	415	369251630
302472	323	405672440
302322	507	415796435
302163	1194	973611893
302485	300	377462117
302572	50	55202085
302263	143	138816891
302485	598	700960568
302635	846	783161117
302388	310	367541475
302322	541	443044750
302322	543	444730917
302597	812	681904689
302663	488	589431508
302634	256	304236539
302573	978	906035412
302596	323	379236782
302525	376	472415345
302596	508	597317829
302573	525	527357532
302485	86	114310415
302635	961	874429046
302663	91	120879040
302651	33	47302119
302525	255	330484342
302597	366	323174619
302553	120	152385468
302031	203	220340588
302472	400	496397665
304508	1154	1383157669
304169	103	91668701
304507	113	129629320
303838	1466	1844472812
303838	1718	2052053527
303948	232	340150602
304169	512	805660537
304144	1826	2688150152
304797	1601	2526871677
304292	687	1232829654
304170	567	486085427
304366	552	910826139
304616	503	816166964
304062	1337	1807572992
304292	1662	2235914456
304169	1607	2068069623
304169	869	1289255299
304292	796	1375151557
304508	603	844783840
304333	567	896546690
304144	389	630270667
304333	222	323144344
304506	9	13708342
304204	234	317446279
303838	1227	1620689440
304366	775	1303067900
304169	485	760924497
303832	1284	1409952249
304655	559	843499890
303885	1037	1424514823
304616	371	588971093
304119	117	129881035
304655	372	598840384
304447	838	1426186586
304777	406	680291441
304120	182	349449092
304655	54	93927499
304663	133	225666795
304738	157	276591423
304200	84	162170993
304797	1288	2179247931
304738	44	77773978
303838	1374	1763218006
304508	628	872706678
304738	1386	2164029848
304354	131	112463381
304144	2350	3130831281
304655	460	718266021
303832	1653	1696985323
304562	458	712297454
304292	340	680087859
304777	372	622760810
304169	245	359326645
304144	316	502257900
304654	500	781554407
304562	547	889017217
304366	309	518325740
304366	1679	2422394485
304125	829	1210470357
304366	319	525812050
304447	1485	2177874818
304654	355	572099474
303948	552	892551683
304738	29	51707130
304209	201	303757134
304616	440	701959741
303948	295	456972721
304738	1459	2241067471
303838	456	686297215
304778	811	1251831309
304738	338	575082154
304778	1222	1662626023
304777	77	131433451
304738	636	1095131342
304778	616	1012086073
304333	1274	1967964342
304797	2898	3540631088
304292	626	1143404031
304797	1763	2683970503
303832	383	477327057
303885	1459	1851882388
304158	1387	1702290285
304062	112	97855533
305112	672	1145073309
305059	365	503791960
305336	149	229720773
305064	1586	1963471868
305188	311	528196455
305336	198	320617457
305112	369	595281049
305081	474	804681518
305064	795	1203430892
305045	337	582347614
305188	303	516406590
305314	24	29093821
305341	51	89992420
305188	862	1284149746
305204	560	916430529
305064	1035	1468620732
305045	267	468656060
305336	179	285052934
305248	396	711409405
305636	277	441055629
305186	315	512021330
305247	347	581888078
305045	98	180374631
305183	39	67133128
305188	95	173175246
305113	9	2352295
305059	447	624464467
305518	929	1518955897
305406	1329	2141104445
305312	52	89611452
305282	191	252005007
305312	190	341242737
305842	203	234727085
305636	906	1604701939
305045	862	1337358123
305586	232	365550711
305248	799	1406691957
305518	6	11898932
305365	46	78605277
305248	631	1126423199
305351	250	445838883
305365	544	890776753
305406	1306	2113671344
305366	703	1060492195
305237	1037	1948034324
305237	139	268052750
305636	71	42688845
305586	461	792410282
305902	371	577853545
305351	779	1172461795
305898	292	442997986
305252	112	139538441
305377	91	161563870
305366	560	884424488
305405	278	501306781
305377	160	281379143
305313	30	55305588
305313	600	975502532
305516	113	139511598
305252	96	119946590
305586	422	720291490
305248	292	509732728
305237	122	235371367
305045	450	759571738
305766	611	1067616743
305821	793	1337967215
305862	466	759764001
305766	895	1597993096
305821	760	1279387088
305840	716	1273356478
305809	189	279044460
305207	199	282774310
305059	334	458376583
305898	620	1008334546
305814	1557	2580327376
305188	435	703997496
305207	258	384670527
305045	506	851383101
305248	748	1325562034
305112	1387	2289723163
305898	76	46087745
305636	165	228472428
305064	1451	1855158959
297411	162	239287318
297215	11	17566071
297219	1153	1945207765
297424	98	128663658
297503	212	390054894
297485	86	150450258
297604	230	376137270
297219	2271	3193029291
297296	75	109950505
297675	337	576547436
297483	96	103806263
297505	127	193404844
297485	193	328871773
297603	138	238529113
299380	89	85267277
300122	700	976758688
300284	197	280987641
299593	679	879176046
300280	131	146337078
301298	842	793205634
300226	386	532083357
300282	15	20896840
300157	227	244411519
299481	648	727889477
299480	390	555701988
300806	124	151585654
300806	125	153144957
300389	141	230194288
300238	37	16233494
300401	436	515656305
300237	458	642980221
300155	636	855358336
300282	76	110006066
300238	189	183580839
300375	14	17807465
299597	439	461107799
301298	697	668763672
300466	53	74758393
300233	115	122991117
300237	142	206502654
300785	1157	1330731672
300122	943	1291809494
300123	144	169410904
300155	235	293067843
300401	223	262124014
300817	415	575685367
299370	224	270216826
300155	336	439610703
299396	39	64283310
299481	1105	1153352489
300155	448	593714337
301391	107	77808626
300785	1049	1226065773
299481	222	265023834
300155	1102	1478308786
301142	440	386049957
301530	16	12516232
300742	318	488426773
301531	106	79185077
300466	611	760761555
300560	752	829093368
301142	177	171548468
300459	166	236937752
301986	363	309560494
300155	1070	1440494838
300806	179	244553390
301984	80	87255568
300517	537	627485248
301392	619	585483233
301183	127	114424421
300467	139	143235450
300636	1006	1220121823
300517	294	356148083
300777	419	641832188
300516	90	113870061
300633	104	159528046
301959	464	541737595
301531	145	107434015
300235	73	113364449
301384	151	178207773
301519	143	102179305
300574	42	30948910
301519	235	195829301
300517	528	618292667
300459	301	458175012
300497	43	22709622
300284	151	216756519
299595	66	78344976
300284	613	808028264
300742	255	380127755
301984	266	316644387
300636	1180	1393035799
300636	1190	1402855595
301161	243	198691774
300515	614	984569594
300459	147	206456312
301694	102	120325976
301985	134	145175368
300560	386	449419294
300785	358	468921270
301987	46	36737313
300576	402	608367848
300785	406	526984198
300517	127	156795451
301391	185	166004424
301531	304	221874562
300636	1073	1287860580
301476	792	584927834
301476	790	583175502
300155	1132	1514927967
300636	563	731432207
300780	203	291528849
301142	835	657155402
300463	82	119452236
300785	958	1136288701
301447	223	202990525
301449	276	213953873
301567	254	247704819
301476	379	292332671
301998	1621	1261844167
301567	324	318118968
301959	1774	1613033008
301472	614	589349290
301448	293	250956869
301959	201	233105965
301448	28	25376291
301959	788	862026294
301397	294	216806430
301941	197	187625962
301987	193	149373736
301987	732	519816315
301397	299	220688208
301461	201	177966488
300777	482	744007192
300122	392	536233001
300122	91	86288294
300811	273	467879167
300157	25	21035705
301959	907	967573300
301397	371	274557943
301530	37	28856354
300284	448	608785961
299480	128	188783458
300123	551	597644737
299595	5	5574999
299597	413	437121692
300123	526	573172414
300238	135	122097639
300401	99	107961680
302492	18	9316720
302448	202	238992946
302479	68	49251826
302131	263	230827233
302388	183	211976289
302328	548	474523866
302240	744	711038804
302322	118	78693701
302392	153	170518614
302393	373	418440008
302573	540	540587055
302131	711	618330724
302229	63	64069489
302473	124	122684684
302163	630	565775253
302494	529	439610308
302229	196	195405956
302393	275	314939612
302388	274	324087929
302393	396	442443434
302031	316	339611591
302263	756	651348130
302393	537	585128716
302328	85	43629772
302043	190	108613322
302131	743	643187792
302159	112	92543943
302163	205	183241174
302479	72	54417724
302043	2	843222
302474	44	37828605
302388	460	534539817
302225	275	242866895
302525	609	721749337
302573	857	810529890
302596	810	920467907
302663	1	837571
302597	322	285315580
302526	69	65420472
302596	509	598904683
302573	525	527268704
302573	582	576597219
302262	194	201631470
302448	1271	1322546281
302634	60	27978974
302663	150	195211360
302597	333	295471826
302635	380	381824788
302573	1202	1079309000
302553	47	59837145
302485	376	462966363
302485	854	955081250
302448	1562	1553814162
302031	361	382800752
302240	469	477630566
302474	34	28932478
302263	923	775730979
302473	352	334081981
302654	35	45352989
302573	510	513396576
302031	808	781581679
304333	1373	2077779998
304366	1174	1881560005
304062	57	8544194
304169	435	680195731
304062	1568	2027160781
303838	173	225135025
304169	1467	1924115459
304797	1818	2733167299
304447	985	1622717204
304292	849	1439783416
304292	1448	2055192945
304292	1683	2252457289
303999	341	562034723
304144	613	1076900383
304204	393	619404323
303825	69	58234413
304797	561	998960808
304062	1462	1929262219
304170	59	55747624
304158	1081	1380945657
304125	124	229118842
304738	1675	2458916921
303885	944	1317067182
303885	1273	1673084522
303948	1311	1877850919
304333	965	1571136434
304797	616	1110517362
304292	1802	2346737177
304446	76	85735923
304447	48	88969288
303838	1316	1707372274
304169	1541	2000610079
304292	1372	1987768100
304506	157	268509055
303948	1136	1686916696
304125	310	524533869
304125	380	632303833
303885	369	522023448
303885	879	1239417043
304797	2343	3171728854
304333	851	1398209356
304662	126	207785211
304204	209	277781151
304366	1481	2227568422
304671	1066	1738007590
304333	1394	2101026723
304508	223	350185289
304200	259	490596609
304616	164	239044440
304366	1291	2021530176
304292	774	1346721878
304671	211	322009633
304562	70	47877215
304616	299	462549446
304158	945	1211387732
304508	121	192534306
304144	698	1233575544
303948	958	1474197932
304204	546	890424899
304354	83	21232205
304625	297	424440692
304120	172	328410686
304797	752	1370495921
304508	1102	1339681467
304671	233	363379947
304655	943	1266919936
304062	845	1257677167
303998	133	150393594
304354	277	372494521
304144	1193	1997917130
304655	313	512016475
304663	186	330026937
304671	616	999418310
304447	732	1275015598
304625	396	585320169
304616	521	851100571
304738	317	541861819
304062	890	1313924291
304062	620	949479228
304144	1178	1977035553
303999	678	1026537108
304144	315	499340605
304447	501	892526900
304204	404	639674282
304158	769	980385975
304209	128	168854937
303832	1860	1846103747
304209	346	586162822
304125	1746	2047658558
304204	119	119064232
304062	900	1326624075
304447	1440	2133714810
304366	1391	2130968718
304663	47	83050118
304654	551	848518838
303832	1760	1776427094
304209	281	459909122
304062	1189	1653759617
304654	279	450774567
304125	804	1182016855
304616	511	830160329
304447	908	1520636519
304778	48	93359954
304797	133	229852836
304144	307	483933372
304625	474	719311045
304447	334	577767329
304125	925	1313722308
304663	611	1048732962
304366	1445	2189334608
304170	201	185713705
304797	1530	2453122871
304778	1108	1557999484
304778	242	443199641
304738	1658	2442039865
304158	324	303305189
304738	672	1159455825
304778	1049	1500472366
304778	137	259716528
304158	392	414374659
304738	608	1043712074
304738	582	996079212
304738	1139	1872735498
304655	490	755912818
304797	1182	2044971772
304158	208	98954403
304508	984	1234896934
304170	371	333237823
304120	36	63156290
303838	1255	1648434385
303948	1443	2013340714
303885	545	785667517
305046	584	593334730
305207	745	1169883129
305207	234	344131658
305204	909	1352210898
305204	1023	1476665444
305188	772	1171256297
305188	72	130016400
305064	987	1417326822
305341	76	133629335
305064	713	1104014104
305112	663	1131118544
306092	384	721949532
305046	112	126112780
305207	554	867839290
305183	140	236602432
305064	1480	1879507992
305310	177	255755995
305064	1198	1630178102
305248	395	709483544
305252	208	255071646
305046	454	471538250
305064	1547	1933025528
305112	275	416022107
305237	403	772502174
305207	498	781144766
305237	520	981163448
305902	508	801650175
305252	332	397775999
305237	405	776552100
305840	176	325984372
305207	611	952533589
305186	215	336666154
305313	215	378660630
305377	538	977148577
305313	188	331718165
305248	457	826261354
305440	208	350270749
305518	252	480313832
305351	746	1133941961
305590	44	64732565
305840	216	402604844
305377	1165	2108970701
305237	340	655367363
305314	398	434865202
305440	193	323871813
305516	447	743745212
305898	383	605083407
305377	351	646282935
305313	17	32162142
305590	835	1025903520
305064	1125	1560528984
305518	546	981768705
305377	831	1533775858
305902	443	698607467
305898	392	620466897
305517	99	180426445
305237	187	362381179
305518	954	1550725701
305405	414	741574012
305405	282	508672913
305902	313	479138891
305862	101	66300103
305237	280	542979431
305365	443	723616490
305636	443	751772398
305366	382	643250182
305440	204	343913733
305237	981	1848112558
305059	424	589343440
305045	374	642178641
305636	2091	3385878831
305814	539	847484473
305840	68	126200155
305840	1095	1786988984
305064	1037	1471031157
305862	619	1019425041
305814	1390	2337801897
305898	713	1167780329
305840	469	862492755
305840	997	1659367177
305313	403	692614552
305188	751	1146407252
305766	447	785366850
306432	38	65202215
305898	212	295472462
305204	511	848579800
305183	28	47938805
305202	698	1093497625
299061	177	220483010
297486	363	594612716
297604	385	615061740
297488	303	338525180
297604	400	638887541
297178	868	1054520015
299096	88	149751729
299062	45	79213242
297563	155	214485750
297431	156	279127519
299184	107	166638556
297219	2027	2958156420
299096	33	53433245
297606	163	206761320
297219	631	1179774068
301323	545	534718059
301323	891	840043486
300466	241	324362324
300401	584	675996559
300236	22	20552179
300237	241	342051229
300785	945	1122839281
299369	255	342377054
300284	184	262050013
299450	82	65480017
299593	553	706649440
300576	910	1319616841
301142	554	470110237
301142	567	479663626
300633	235	360584157
300576	622	927963347
301359	249	245256863
301997	260	273488890
300155	843	1137404992
299649	300	432846798
300237	115	169294747
301417	113	89859230
300780	172	247581182
300515	391	647374784
300560	197	233472845
300636	618	797535820
299480	123	182441692
301665	28	25182630
301450	76	52412958
301472	601	578777287
301627	83	40746088
301448	68	60834141
300389	103	154849688
301665	257	219075199
300240	60	48896329
299369	93	127417592
302472	501	615063705
302476	181	139124250
302448	827	929480806
302225	717	625978977
302344	427	372166951
302328	321	275403154
302031	464	482622416
302344	257	232058885
302262	57	33287998
302448	848	949646464
302448	1131	1205690235
302448	1466	1478831523
302473	2	1864257
302494	558	458316599
302573	957	889641511
302596	469	552518721
302635	399	398912570
302525	522	630613732
302573	1181	1063864043
302654	180	224017704
302573	297	309791851
302448	247	294244685
304062	60	11426261
303838	494	739292118
304797	2908	3547295213
304508	987	1238109686
304158	1586	1889132260
303885	1992	2286089823
303948	1614	2173393787
304292	1386	1999766577
304158	566	692658968
304366	1835	2555676457
304655	137	236603778
304797	1130	1975724337
304292	929	1533255064
303832	129	114432617
304062	1712	2150587671
303832	657	808859830
304506	211	349947825
304062	1246	1713097365
304292	1605	2189719642
304292	1609	2193352027
304797	828	1506985752
304366	1165	1870470817
304366	1290	2019983569
304144	2068	2904080593
303832	1636	1684275820
304366	135	216016250
303948	357	565418972
304125	1428	1793335049
303999	28	49625778
304655	264	442145589
304125	1416	1783451455
303885	787	1122295796
304354	176	191080610
304209	83	75513200
303832	1847	1837525068
304562	701	1189006617
304616	904	1485022977
304125	95	177646523
304062	872	1291845336
304144	2170	2987965543
304204	355	546452934
304447	621	1095500817
304333	325	484794397
304738	521	881838899
304738	1450	2232407232
304778	953	1403666129
304144	1143	1929806132
305636	2279	3589942664
305186	198	311043407
305314	60	72193718
305081	614	1053495345
305202	579	877257219
305207	952	1533565041
305183	151	252851208
305064	1301	1726224520
305636	314	510419804
305636	1482	2610792593
305590	725	902535243
305310	404	680705081
305351	105	189895356
305518	295	557189403
305336	207	338278496
305862	363	570786883
305046	71	81999182
305377	349	641831662
305341	96	170233054
305517	89	160832879
305589	386	735879594
305358	173	178388130
305862	539	887286220
305821	348	577551038
305842	652	696131679
305248	37	65048647
