322118 229 421261755
305207 469 733879856
304144 488 824347055
306125 968 1755027135
323488 574 1042357966
301384 124 148708764
321138 490 702570317
323423 35 35952101
323526 329 479868390
304671 93 105386963
316876 43 35866677
320065 140 228264493
305248 336 598089518
320040 273 430470601
325170 1132 2110888746
322319 73 119636757
305045 864 1339882499
322118 83 150309010
323778 40 77593122
301447 225 205045694
305312 142 250394396
322179 1392 2385035119
321988 66 48082186
320064 122 198069715
304797 2343 3171728854
301664 41 10401499
304663 25 47021687
304169 321 492631240
304169 487 764595338
321305 58 69195189
320038 345 505331046
324077 566 1007382433
321305 2267 3463412733
321119 68 46370137
324293 316 547681595
304778 168 316676193
303832 704 861104229
316569 327 400382927
305204 481 803685018
321305 509 827552508
305406 498 922324062
320857 13 18749369
